1.000000e+00
2.098472e+01
2.037505e-01
1.947352e-02
1.644997e-02
1.596399e-02
1.553615e-02
1.515792e-02
1.482643e-02
1.453848e-02
1.429067e-02
1.407946e-02
1.390125e-02
1.375246e-02
1.362958e-02
1.352927e-02
1.344831e-02
1.338372e-02
1.333271e-02
1.329273e-02
1.326144e-02
1.323675e-02
1.321675e-02
1.319977e-02
1.318431e-02
1.316906e-02
1.315286e-02
1.313472e-02
1.311379e-02
1.308934e-02
1.306074e-02
1.302750e-02
1.298921e-02
1.294553e-02
1.289622e-02
1.284111e-02
1.278007e-02
1.271307e-02
1.264009e-02
1.256118e-02
1.247641e-02
1.238592e-02
1.228986e-02
1.218841e-02
1.208176e-02
1.197016e-02
1.185384e-02
1.173307e-02
1.160811e-02
1.147925e-02
1.134676e-02
1.121095e-02
1.107210e-02
1.093050e-02
1.078646e-02
1.064025e-02
1.049216e-02
1.034248e-02
1.019147e-02
1.003939e-02
9.886508e-03
9.733066e-03
9.579301e-03
9.425440e-03
9.271701e-03
9.118289e-03
8.965398e-03
8.813214e-03
8.661910e-03
8.511647e-03
8.362578e-03
8.214843e-03
8.068574e-03
7.923890e-03
7.780903e-03
7.639714e-03
7.500414e-03
7.363087e-03
7.227807e-03
7.094641e-03
6.963648e-03
6.834878e-03
6.708376e-03
6.584179e-03
6.462319e-03
6.342821e-03
6.225704e-03
6.110982e-03
5.998666e-03
5.888760e-03
5.781264e-03
5.676174e-03
5.573483e-03
5.473181e-03
5.375252e-03
5.279680e-03
5.186445e-03
5.095524e-03
5.006893e-03
4.920524e-03
4.836389e-03
4.754457e-03
4.674696e-03
4.597072e-03
4.521550e-03
4.448094e-03
4.376666e-03
4.307229e-03
4.239744e-03
4.174172e-03
4.110472e-03
4.048605e-03
3.988528e-03
3.930202e-03
3.873585e-03
3.818636e-03
3.765314e-03
3.713576e-03
3.663383e-03
3.614693e-03
3.567465e-03
3.521660e-03
3.477236e-03
3.434155e-03
3.392376e-03
3.351862e-03
3.312575e-03
3.274475e-03
3.237527e-03
3.201694e-03
3.166940e-03
3.133230e-03
3.100529e-03
3.068804e-03
3.038022e-03
3.008150e-03
2.979157e-03
2.951012e-03
2.923685e-03
2.897147e-03
2.871370e-03
2.846325e-03
2.821986e-03
2.798326e-03
2.775321e-03
2.752945e-03
2.731175e-03
2.709988e-03
2.689362e-03
2.669274e-03
2.649704e-03
2.630631e-03
2.612037e-03
2.593902e-03
2.576209e-03
2.558939e-03
2.542076e-03
2.525604e-03
2.509507e-03
2.493770e-03
2.478379e-03
2.463319e-03
2.448578e-03
2.434143e-03
2.420001e-03
2.406141e-03
2.392551e-03
2.379221e-03
2.366140e-03
2.353298e-03
2.340686e-03
2.328295e-03
2.316115e-03
2.304139e-03
2.292359e-03
2.280766e-03
2.269354e-03
2.258116e-03
2.247045e-03
2.236134e-03
2.225379e-03
2.214771e-03
2.204307e-03
2.193982e-03
2.183788e-03
2.173724e-03
2.163782e-03
2.153960e-03
2.144253e-03
2.134656e-03
2.125167e-03
2.115782e-03
2.106496e-03
2.097308e-03
2.088213e-03
2.079209e-03
2.070293e-03
2.061462e-03
2.052714e-03
2.044046e-03
2.035456e-03
2.026941e-03
2.018500e-03
2.010130e-03
2.001830e-03
1.993598e-03
1.985432e-03
1.977330e-03
1.969291e-03
1.961313e-03
1.953395e-03
1.945536e-03
1.937733e-03
1.929987e-03
1.922295e-03
1.914657e-03
1.907072e-03
1.899538e-03
1.892055e-03
1.884622e-03
1.877237e-03
1.869900e-03
1.862611e-03
1.855368e-03
1.848170e-03
1.841018e-03
1.833909e-03
1.826845e-03
1.819823e-03
1.812844e-03
1.805907e-03
1.799012e-03
1.792157e-03
1.785342e-03
1.778568e-03
1.771833e-03
1.765137e-03
1.758480e-03
1.751861e-03
1.745280e-03
1.738736e-03
1.732230e-03
1.725760e-03
1.719327e-03
1.712930e-03
1.706569e-03
1.700244e-03
1.693954e-03
1.687699e-03
1.681479e-03
1.675293e-03
1.669142e-03
1.663024e-03
1.656941e-03
1.650891e-03
1.644874e-03
1.638890e-03
1.632940e-03
1.627022e-03
1.621136e-03
1.615283e-03
1.609462e-03
1.603673e-03
1.597916e-03
1.592190e-03
1.586496e-03
1.580833e-03
1.575201e-03
1.569599e-03
1.564029e-03
1.558489e-03
1.552979e-03
1.547500e-03
1.542050e-03
1.536631e-03
1.531241e-03
1.525881e-03
1.520550e-03
1.515249e-03
1.509976e-03
1.504733e-03
1.499518e-03
1.494332e-03
1.489175e-03
1.484046e-03
1.478945e-03
1.473873e-03
1.468828e-03
1.463811e-03
1.458821e-03
1.453860e-03
1.448925e-03
1.444018e-03
1.439138e-03
1.434284e-03
1.429458e-03
1.424658e-03
1.419885e-03
1.415138e-03
1.410417e-03
1.405723e-03
1.401054e-03
1.396411e-03
1.391794e-03
1.387203e-03
1.382636e-03
1.378096e-03
1.373580e-03
1.369089e-03
1.364623e-03
1.360182e-03
1.355765e-03
1.351372e-03
1.347004e-03
1.342661e-03
1.338341e-03
1.334045e-03
1.329772e-03
1.325524e-03
1.321298e-03
1.317097e-03
1.312918e-03
1.308762e-03
1.304629e-03
1.300520e-03
1.296432e-03
1.292367e-03
1.288325e-03
1.284305e-03
1.280307e-03
1.276330e-03
1.272376e-03
1.268444e-03
1.264532e-03
1.260643e-03
1.256774e-03
1.252927e-03
1.249101e-03
1.245296e-03
1.241511e-03
1.237747e-03
1.234004e-03
1.230281e-03
1.226578e-03
1.222895e-03
1.219233e-03
1.215590e-03
1.211967e-03
1.208363e-03
1.204779e-03
1.201214e-03
1.197668e-03
1.194142e-03
1.190634e-03
1.187145e-03
1.183675e-03
1.180224e-03
1.176790e-03
1.173376e-03
1.169979e-03
1.166600e-03
1.163240e-03
1.159897e-03
1.156572e-03
1.153264e-03
1.149974e-03
1.146701e-03
1.143445e-03
1.140207e-03
1.136985e-03
1.133780e-03
1.130592e-03
1.127421e-03
1.124266e-03
1.121127e-03
1.118005e-03
1.114898e-03
1.111808e-03
1.108734e-03
1.105675e-03
1.102632e-03
1.099605e-03
1.096593e-03
1.093597e-03
1.090615e-03
1.087649e-03
1.084698e-03
1.081761e-03
1.078840e-03
1.075933e-03
1.073041e-03
1.070163e-03
1.067300e-03
1.064450e-03
1.061615e-03
1.058794e-03
1.055987e-03
1.053194e-03
1.050414e-03
1.047648e-03
1.044896e-03
1.042157e-03
1.039431e-03
1.036719e-03
1.034019e-03
1.031333e-03
1.028659e-03
1.025999e-03
1.023351e-03
1.020716e-03
1.018093e-03
1.015483e-03
1.012885e-03
1.010299e-03
1.007726e-03
1.005164e-03
1.002615e-03
1.000077e-03
9.975517e-04
9.950377e-04
9.925353e-04
9.900444e-04
9.875649e-04
9.850968e-04
9.826400e-04
9.801944e-04
9.777598e-04
9.753363e-04
9.729237e-04
9.705219e-04
9.681309e-04
9.657506e-04
9.633809e-04
9.610217e-04
9.586730e-04
9.563345e-04
9.540064e-04
9.516885e-04
9.493807e-04
9.470830e-04
9.447952e-04
9.425173e-04
9.402492e-04
9.379909e-04
9.357422e-04
9.335031e-04
9.312736e-04
9.290535e-04
9.268428e-04
9.246414e-04
9.224492e-04
9.202662e-04
9.180923e-04
9.159274e-04
9.137715e-04
9.116244e-04
9.094862e-04
9.073568e-04
9.052360e-04
9.031238e-04
9.010203e-04
8.989252e-04
8.968385e-04
8.947602e-04
8.926903e-04
8.906285e-04
8.885750e-04
8.865296e-04
8.844922e-04
8.824628e-04
8.804414e-04
8.784278e-04
8.764221e-04
8.744241e-04
8.724339e-04
8.704513e-04
8.684763e-04
8.665088e-04
8.645488e-04
8.625962e-04
8.606511e-04
8.587132e-04
8.567826e-04
8.548592e-04
8.529429e-04
8.510338e-04
8.491317e-04
8.472367e-04
8.453485e-04
8.434673e-04
8.415930e-04
8.397254e-04
8.378646e-04
8.360105e-04
8.341631e-04
8.323223e-04
8.304880e-04
8.286603e-04
8.268390e-04
8.250242e-04
8.232157e-04
8.214136e-04
8.196178e-04
8.178282e-04
8.160448e-04
8.142676e-04
8.124965e-04
8.107315e-04
8.089725e-04
8.072195e-04
8.054724e-04
8.037313e-04
8.019960e-04
8.002666e-04
7.985429e-04
7.968250e-04
7.951128e-04
7.934063e-04
7.917055e-04
7.900102e-04
7.883204e-04
7.866362e-04
7.849575e-04
7.832843e-04
7.816164e-04
7.799539e-04
7.782968e-04
7.766450e-04
7.749984e-04
7.733571e-04
7.717210e-04
7.700901e-04
7.684643e-04
7.668436e-04
7.652279e-04
7.636174e-04
7.620118e-04
7.604112e-04
7.588155e-04
7.572248e-04
7.556389e-04
7.540579e-04
7.524818e-04
7.509104e-04
7.493437e-04
7.477819e-04
7.462247e-04
7.446722e-04
7.431243e-04
7.415811e-04
7.400424e-04
7.385083e-04
7.369788e-04
7.354537e-04
7.339332e-04
7.324171e-04
7.309054e-04
7.293981e-04
7.278952e-04
7.263967e-04
7.249025e-04
7.234126e-04
7.219270e-04
7.204456e-04
7.189685e-04
7.174955e-04
7.160268e-04
7.145622e-04
7.131017e-04
7.116454e-04
7.101931e-04
7.087449e-04
7.073008e-04
7.058607e-04
7.044245e-04
7.029924e-04
7.015642e-04
7.001399e-04
6.987196e-04
6.973032e-04
6.958906e-04
6.944819e-04
6.930770e-04
6.916759e-04
6.902786e-04
6.888851e-04
6.874953e-04
6.861093e-04
6.847270e-04
6.833484e-04
6.819735e-04
6.806022e-04
6.792346e-04
6.778705e-04
6.765101e-04
6.751533e-04
6.738001e-04
6.724503e-04
6.711042e-04
6.697615e-04
6.684224e-04
6.670867e-04
6.657545e-04
6.644258e-04
6.631004e-04
6.617785e-04
6.604600e-04
6.591449e-04
6.578332e-04
6.565248e-04
6.552197e-04
6.539180e-04
6.526196e-04
6.513245e-04
6.500326e-04
6.487441e-04
6.474587e-04
6.461766e-04
6.448978e-04
6.436221e-04
6.423496e-04
6.410803e-04
6.398142e-04
6.385512e-04
6.372914e-04
6.360347e-04
6.347811e-04
6.335306e-04
6.322832e-04
6.310388e-04
6.297975e-04
6.285593e-04
6.273241e-04
6.260919e-04
6.248628e-04
6.236366e-04
6.224134e-04
6.211932e-04
6.199760e-04
6.187617e-04
6.175504e-04
6.163419e-04
6.151364e-04
6.139338e-04
6.127341e-04
6.115373e-04
6.103433e-04
6.091523e-04
6.079640e-04
6.067786e-04
6.055961e-04
6.044163e-04
6.032394e-04
6.020652e-04
6.008939e-04
5.997253e-04
5.985595e-04
5.973964e-04
5.962361e-04
5.950785e-04
5.939237e-04
5.927716e-04
5.916222e-04
5.904755e-04
5.893314e-04
5.881901e-04
5.870514e-04
5.859154e-04
5.847821e-04
5.836514e-04
5.825233e-04
5.813979e-04
5.802750e-04
5.791548e-04
5.780372e-04
5.769222e-04
5.758097e-04
5.746999e-04
5.735926e-04
5.724878e-04
5.713857e-04
5.702860e-04
5.691889e-04
5.680943e-04
5.670023e-04
5.659127e-04
5.648257e-04
5.637411e-04
5.626590e-04
5.615794e-04
5.605023e-04
5.594277e-04
5.583555e-04
5.572857e-04
5.562184e-04
5.551536e-04
5.540911e-04
5.530311e-04
5.519735e-04
5.509183e-04
5.498655e-04
5.488151e-04
5.477671e-04
5.467215e-04
5.456782e-04
5.446373e-04
5.435988e-04
5.425626e-04
5.415287e-04
5.404972e-04
5.394680e-04
5.384412e-04
5.374167e-04
5.363944e-04
5.353745e-04
5.343569e-04
5.333416e-04
5.323286e-04
5.313178e-04
5.303094e-04
5.293032e-04
5.282992e-04
5.272976e-04
5.262981e-04
5.253009e-04
5.243060e-04
5.233133e-04
5.223228e-04
5.213346e-04
5.203485e-04
5.193647e-04
5.183831e-04
5.174036e-04
5.164264e-04
5.154513e-04
5.144785e-04
5.135078e-04
5.125393e-04
5.115729e-04
5.106088e-04
5.096467e-04
5.086868e-04
5.077291e-04
5.067735e-04
5.058201e-04
5.048687e-04
5.039195e-04
5.029724e-04
5.020275e-04
5.010846e-04
5.001438e-04
4.992052e-04
4.982686e-04
4.973341e-04
4.964017e-04
4.954714e-04
4.945432e-04
4.936170e-04
4.926929e-04
4.917708e-04
4.908508e-04
4.899329e-04
4.890170e-04
4.881031e-04
4.871913e-04
4.862815e-04
4.853737e-04
4.844680e-04
4.835642e-04
4.826625e-04
4.817628e-04
4.808651e-04
4.799694e-04
4.790757e-04
4.781840e-04
4.772942e-04
4.764065e-04
4.755207e-04
4.746369e-04
4.737551e-04
4.728752e-04
4.719973e-04
4.711213e-04
4.702473e-04
4.693752e-04
4.685051e-04
4.676369e-04
4.667707e-04
4.659064e-04
4.650440e-04
4.641835e-04
4.633249e-04
4.624683e-04
4.616136e-04
4.607607e-04
4.599098e-04
4.590608e-04
4.582136e-04
4.573684e-04
4.565250e-04
4.556835e-04
4.548439e-04
4.540062e-04
4.531703e-04
4.523363e-04
4.515042e-04
4.506739e-04
4.498455e-04
4.490189e-04
4.481942e-04
4.473713e-04
4.465502e-04
4.457310e-04
4.449136e-04
4.440980e-04
4.432843e-04
4.424724e-04
4.416622e-04
4.408539e-04
4.400475e-04
4.392428e-04
4.384399e-04
4.376388e-04
4.368395e-04
4.360420e-04
4.352463e-04
4.344523e-04
4.336601e-04
4.328698e-04
4.320811e-04
4.312943e-04
4.305092e-04
4.297259e-04
4.289443e-04
4.281645e-04
4.273864e-04
4.266101e-04
4.258355e-04
4.250627e-04
4.242916e-04
4.235222e-04
4.227545e-04
4.219886e-04
4.212244e-04
4.204620e-04
4.197012e-04
4.189421e-04
4.181848e-04
4.174291e-04
4.166752e-04
4.159230e-04
4.151724e-04
4.144236e-04
4.136764e-04
4.129309e-04
4.121871e-04
4.114450e-04
4.107045e-04
4.099657e-04
4.092286e-04
4.084932e-04
4.077594e-04
4.070273e-04
4.062968e-04
4.055679e-04
4.048408e-04
4.041152e-04
4.033913e-04
4.026691e-04
4.019485e-04
4.012295e-04
4.005121e-04
3.997964e-04
3.990823e-04
3.983698e-04
3.976589e-04
3.969496e-04
3.962420e-04
3.955359e-04
3.948315e-04
3.941286e-04
3.934274e-04
3.927277e-04
3.920297e-04
3.913332e-04
3.906383e-04
3.899450e-04
3.892532e-04
3.885631e-04
3.878745e-04
3.871875e-04
3.865020e-04
3.858181e-04
3.851358e-04
3.844550e-04
3.837758e-04
3.830981e-04
3.824220e-04
3.817474e-04
3.810744e-04
3.804029e-04
3.797329e-04
3.790645e-04
3.783975e-04
3.777322e-04
3.770683e-04
3.764060e-04
3.757451e-04
3.750858e-04
3.744280e-04
3.737718e-04
3.731170e-04
3.724637e-04
3.718119e-04
3.711616e-04
3.705128e-04
3.698655e-04
3.692197e-04
3.685754e-04
3.679325e-04
3.672912e-04
3.666513e-04
3.660129e-04
3.653759e-04
3.647404e-04
3.641064e-04
3.634738e-04
3.628427e-04
3.622131e-04
3.615849e-04
3.609582e-04
3.603329e-04
3.597090e-04
3.590866e-04
3.584656e-04
3.578461e-04
3.572280e-04
3.566113e-04
3.559961e-04
3.553823e-04
3.547699e-04
3.541589e-04
3.535493e-04
3.529412e-04
3.523344e-04
3.517291e-04
3.511252e-04
3.505226e-04
3.499215e-04
3.493218e-04
3.487234e-04
3.481265e-04
3.475309e-04
3.469367e-04
3.463439e-04
3.457525e-04
3.451625e-04
3.445738e-04
3.439865e-04
3.434006e-04
3.428160e-04
3.422329e-04
3.416510e-04
3.410705e-04
3.404914e-04
3.399137e-04
3.393372e-04
3.387622e-04
3.381884e-04
3.376160e-04
3.370450e-04
3.364753e-04
3.359069e-04
3.353399e-04
3.347741e-04
3.342097e-04
3.336467e-04
3.330849e-04
3.325245e-04
3.319654e-04
3.314076e-04
3.308511e-04
3.302959e-04
3.297420e-04
3.291894e-04
3.286381e-04
3.280881e-04
3.275394e-04
3.269920e-04
3.264459e-04
3.259011e-04
3.253575e-04
3.248152e-04
3.242743e-04
3.237345e-04
3.231961e-04
3.226589e-04
3.221230e-04
3.215884e-04
3.210550e-04
