1.000000e+00
1.456913e+00
7.966988e-01
4.626821e-01
3.450230e-01
2.293183e-01
1.523866e-01
1.216112e-01
8.964507e-02
1.101559e-01
7.537410e-01
1.190385e-01
6.042239e-02
6.100577e-02
1.009821e-01
5.108636e-02
5.221423e-02
9.476210e-02
1.343361e-02
3.100508e-02
7.752013e-03
5.164663e-03
6.001646e-03
7.154033e-03
1.049927e-02
5.174232e-03
5.316939e-03
6.203511e-03
3.751958e-03
7.929232e-03
1.676260e-03
7.174611e-03
3.261960e-03
1.643080e-03
2.185194e-03
9.742383e-03
1.454357e-03
7.929826e-04
6.824236e-04
1.622878e-03
2.039501e-02
1.702873e-03
3.105874e-03
3.043371e-04
1.716309e-04
5.264215e-04
8.158799e-04
4.252882e-04
4.231947e-05
7.679518e-05
1.707784e-04
3.246901e-05
3.104736e-05
5.706291e-05
2.201875e-05
4.160054e-05
1.993745e-05
3.672677e-04
1.165275e-05
6.590815e-06
7.270447e-06
1.076185e-05
7.446010e-06
1.925379e-05
7.622738e-06
1.477772e-05
1.296327e-05
8.813803e-06
4.624066e-06
3.004725e-06
1.828026e-06
1.231654e-06
1.139121e-06
2.986481e-06
1.620754e-05
4.783412e-07
2.621024e-07
4.768441e-07
5.872852e-07
6.934747e-07
3.518340e-07
4.648713e-06
1.221724e-07
1.606373e-07
5.415634e-07
8.830168e-08
6.747049e-08
3.232613e-08
1.354375e-08
4.793318e-08
3.473267e-08
9.528267e-08
9.229613e-08
2.522292e-08
3.536818e-09
4.890895e-09
1.840371e-09
9.546777e-09
2.278071e-08
7.003527e-09
1.353677e-09
8.749561e-10
